0,-221043.5641679993,192.17773270606995,Stage.FINAL_DESTINATION,7
0,-217913.126624648,367.2290759086609,Stage.FINAL_DESTINATION,1
0,-224306.91153894961,65.4066059589386,Stage.FINAL_DESTINATION,9
0,-255778.1085438006,105.29224181175232,Stage.FINAL_DESTINATION,9
0,-311455.36251707363,89.7101092338562,Stage.FINAL_DESTINATION,9
0,-257324.51533448545,157.62258791923523,Stage.FINAL_DESTINATION,4
0,-246379.16858699403,55.48236918449402,Stage.FINAL_DESTINATION,5
0,-234370.51630025147,86.76263427734375,Stage.FINAL_DESTINATION,8
0,-249361.7174916045,169.40218544006348,Stage.FINAL_DESTINATION,9
0,-250319.91909609968,86.72249221801758,Stage.FINAL_DESTINATION,5
0,-288075.06901244307,82.51421570777893,Stage.FINAL_DESTINATION,7
0,-259948.6374528001,161.07946252822876,Stage.FINAL_DESTINATION,1
0,-234882.26595861276,91.14198899269104,Stage.FINAL_DESTINATION,7
0,-245097.8720527314,116.82035064697266,Stage.FINAL_DESTINATION,9
0,-232219.5868500797,96.44646167755127,Stage.FINAL_DESTINATION,8
0,-219409.7673482278,287.35158586502075,Stage.FINAL_DESTINATION,3
0,-233473.7512132573,109.1719868183136,Stage.FINAL_DESTINATION,4
0,-265582.02495304606,94.67764496803284,Stage.FINAL_DESTINATION,8
0,-227313.8953153815,164.1843876838684,Stage.FINAL_DESTINATION,4
0,-222062.2074174087,168.7735619544983,Stage.FINAL_DESTINATION,3
0,-225993.45500523972,82.04157829284668,Stage.FINAL_DESTINATION,7
0,-220333.86431863913,110.84957122802734,Stage.FINAL_DESTINATION,6
0,-225388.00887670825,99.73179316520691,Stage.FINAL_DESTINATION,4
0,-243159.8079423665,116.42387509346008,Stage.FINAL_DESTINATION,8
0,-232786.0709841601,73.60931396484375,Stage.FINAL_DESTINATION,6
0,-213933.82500017012,144.1877315044403,Stage.FINAL_DESTINATION,2
0,-223643.87257588733,127.551109790802,Stage.FINAL_DESTINATION,9
0,-258082.4187676415,145.49105215072632,Stage.FINAL_DESTINATION,2
0,-243408.88280034304,119.63730907440186,Stage.FINAL_DESTINATION,5
0,-234095.3951500705,132.13084959983826,Stage.FINAL_DESTINATION,5
0,-222504.1636253287,72.62542271614075,Stage.FINAL_DESTINATION,6
0,-277629.28830095613,128.7290472984314,Stage.FINAL_DESTINATION,1
0,-213501.25125450804,199.51971101760864,Stage.FINAL_DESTINATION,3
0,-227248.6482872722,178.25849175453186,Stage.FINAL_DESTINATION,3
0,-243747.13361178,116.8062572479248,Stage.FINAL_DESTINATION,1
0,-222943.45402381397,157.93292760849,Stage.FINAL_DESTINATION,3
0,-219706.0890213663,138.2527506351471,Stage.FINAL_DESTINATION,7
0,-219464.89596811813,160.3900921344757,Stage.FINAL_DESTINATION,1
0,-234721.691906709,127.77800416946411,Stage.FINAL_DESTINATION,5
0,-259719.41753774206,95.80408382415771,Stage.FINAL_DESTINATION,8
0,-218489.38979353267,86.21498799324036,Stage.FINAL_DESTINATION,3
0,-228952.32292691586,91.81578755378723,Stage.FINAL_DESTINATION,6
0,-267325.46080640587,99.8446352481842,Stage.FINAL_DESTINATION,8
0,-230250.51962683813,72.43727779388428,Stage.FINAL_DESTINATION,5
0,-239338.14512942283,64.98688983917236,Stage.FINAL_DESTINATION,9
0,-243311.09833409224,112.93675303459167,Stage.FINAL_DESTINATION,9
0,-269088.6104196593,116.40397143363953,Stage.FINAL_DESTINATION,3
0,-292677.60410926526,142.9575526714325,Stage.FINAL_DESTINATION,9
0,-260068.93819818573,105.11985945701599,Stage.FINAL_DESTINATION,5
0,-241875.85519365355,169.10005283355713,Stage.FINAL_DESTINATION,4
0,-215614.66787800196,82.89635443687439,Stage.FINAL_DESTINATION,2
0,-221669.38092534489,73.3205828666687,Stage.FINAL_DESTINATION,9
0,-218695.4907775755,76.42981386184692,Stage.FINAL_DESTINATION,5
0,-225959.7713186941,199.6196322441101,Stage.FINAL_DESTINATION,1
0,-215507.79470562557,102.97950220108032,Stage.FINAL_DESTINATION,4
0,-229476.89050594612,95.77547478675842,Stage.FINAL_DESTINATION,6
0,-231593.69121307397,117.07228231430054,Stage.FINAL_DESTINATION,1
0,-252399.1844571583,98.08751916885376,Stage.FINAL_DESTINATION,4
0,-217966.58607547003,139.21621704101562,Stage.FINAL_DESTINATION,9
0,-215256.42767757448,215.81629753112793,Stage.FINAL_DESTINATION,3
0,-222724.60496022797,122.5339469909668,Stage.FINAL_DESTINATION,9
