0,37498.804958343506,197.54948544502258,Stage.FINAL_DESTINATION,4
0,-158713.92010453343,100.39844703674316,Stage.FINAL_DESTINATION,9
0,-150570.35473385453,98.53005051612854,Stage.FINAL_DESTINATION,6
0,-210606.33643227816,71.34246349334717,Stage.FINAL_DESTINATION,8
0,-162217.04366898537,97.80188274383545,Stage.FINAL_DESTINATION,2
0,-87257.73030224442,155.97662043571472,Stage.FINAL_DESTINATION,7
0,-144072.71228647232,111.85081362724304,Stage.FINAL_DESTINATION,5
0,44542.94828647375,305.6580445766449,Stage.FINAL_DESTINATION,4
1,83197.8549631834,338.5885136127472,Stage.FINAL_DESTINATION,1
0,-129729.7110722065,104.1855628490448,Stage.FINAL_DESTINATION,5
0,-133128.32454779744,133.0068497657776,Stage.FINAL_DESTINATION,1
0,-157083.60123676062,107.98127365112305,Stage.FINAL_DESTINATION,9
0,30111.957148104906,245.04530215263367,Stage.FINAL_DESTINATION,1
0,-95698.1926214695,127.55945158004761,Stage.FINAL_DESTINATION,4
0,-163347.61420386285,102.37015271186829,Stage.FINAL_DESTINATION,8
0,-173390.03391687572,68.60912108421326,Stage.FINAL_DESTINATION,7
0,-137354.25215929747,101.5123860836029,Stage.FINAL_DESTINATION,8
0,-148906.05412067473,93.22563767433167,Stage.FINAL_DESTINATION,1
0,-93645.03296995163,135.68545055389404,Stage.FINAL_DESTINATION,9
0,-206567.04140621424,144.04402232170105,Stage.FINAL_DESTINATION,2
0,-90979.89412445575,150.55077719688416,Stage.FINAL_DESTINATION,6
0,-75708.08684358001,166.43447494506836,Stage.FINAL_DESTINATION,5
0,-69062.64169114828,157.3962059020996,Stage.FINAL_DESTINATION,6
0,212006.0505450219,352.55934619903564,Stage.FINAL_DESTINATION,3
0,-63725.64150109887,148.31893134117126,Stage.FINAL_DESTINATION,7
0,83685.21841905266,175.54892110824585,Stage.FINAL_DESTINATION,8
0,-89914.74001976848,149.21442341804504,Stage.FINAL_DESTINATION,5
0,-91041.01370373368,131.3100299835205,Stage.FINAL_DESTINATION,7
0,-162563.43347418308,89.23873281478882,Stage.FINAL_DESTINATION,8
0,-42636.033433139324,173.25179195404053,Stage.FINAL_DESTINATION,5
0,-117368.66753864288,115.2718653678894,Stage.FINAL_DESTINATION,9
0,-156022.68964666128,76.35439968109131,Stage.FINAL_DESTINATION,4
0,-11225.26163455844,237.11293959617615,Stage.FINAL_DESTINATION,4
0,-59492.246921002865,147.5011534690857,Stage.FINAL_DESTINATION,4
0,15852.414272665977,258.7870042324066,Stage.FINAL_DESTINATION,7
0,70210.91504307091,248.09837317466736,Stage.FINAL_DESTINATION,7
0,-106873.98171055317,113.44244360923767,Stage.FINAL_DESTINATION,7
0,-1228.0958466529846,226.27144360542297,Stage.FINAL_DESTINATION,8
0,-43991.684043228626,202.89553356170654,Stage.FINAL_DESTINATION,4
0,-76010.99402174354,146.63470935821533,Stage.FINAL_DESTINATION,8
0,144935.2626863122,274.74197340011597,Stage.FINAL_DESTINATION,2
0,17414.797494724393,214.95849776268005,Stage.FINAL_DESTINATION,9
1,255892.9159868881,336.82460021972656,Stage.FINAL_DESTINATION,1
0,-36949.603264991194,184.28017663955688,Stage.FINAL_DESTINATION,9
1,236251.2533744648,387.705885887146,Stage.FINAL_DESTINATION,2
0,33603.57773977518,253.5483112335205,Stage.FINAL_DESTINATION,6
0,-137127.15122801065,119.62087726593018,Stage.FINAL_DESTINATION,7
0,8298.579427868128,223.84314131736755,Stage.FINAL_DESTINATION,4
0,228193.0517177619,374.86749362945557,Stage.FINAL_DESTINATION,4
0,-148304.5788398683,153.59569191932678,Stage.FINAL_DESTINATION,9
0,-20328.256966352463,193.82222843170166,Stage.FINAL_DESTINATION,2
0,66924.23707322776,274.7802858352661,Stage.FINAL_DESTINATION,7
0,61743.554125502706,261.79628443717957,Stage.FINAL_DESTINATION,5
1,307483.2177853286,409.4462208747864,Stage.FINAL_DESTINATION,3
0,-35153.69085970521,163.98625421524048,Stage.FINAL_DESTINATION,4
0,-94289.07199455798,147.90194821357727,Stage.FINAL_DESTINATION,6
0,-139220.06558725238,100.75100183486938,Stage.FINAL_DESTINATION,8
0,-91085.44068419933,144.02601218223572,Stage.FINAL_DESTINATION,9
0,28746.39178530872,203.15067386627197,Stage.FINAL_DESTINATION,4
0,-72230.78291738033,152.33601093292236,Stage.FINAL_DESTINATION,1
0,26364.787763655186,209.9536190032959,Stage.FINAL_DESTINATION,4
0,57267.344874471426,235.0522313117981,Stage.FINAL_DESTINATION,6
0,56206.25330629945,250.6931014060974,Stage.FINAL_DESTINATION,8
0,-32188.95563018322,172.79804158210754,Stage.FINAL_DESTINATION,7
1,329075.8245859891,298.5328776836395,Stage.FINAL_DESTINATION,3
0,11302.669600456953,199.53215742111206,Stage.FINAL_DESTINATION,6
0,133255.5961825736,261.0770990848541,Stage.FINAL_DESTINATION,6
0,-11702.841472700238,174.51726937294006,Stage.FINAL_DESTINATION,5
1,11811.00568935275,236.55770230293274,Stage.FINAL_DESTINATION,2
0,13010.870622292161,213.92118501663208,Stage.FINAL_DESTINATION,4
0,-51089.3113444373,142.36527371406555,Stage.FINAL_DESTINATION,4
0,264249.2220380902,336.9836525917053,Stage.FINAL_DESTINATION,4
0,267564.0909508057,418.3544716835022,Stage.FINAL_DESTINATION,2
0,130249.41732947528,283.2597219944,Stage.FINAL_DESTINATION,7
1,409186.26893857867,495.2777066230774,Stage.FINAL_DESTINATION,3
1,412049.6715784967,374.11818528175354,Stage.FINAL_DESTINATION,3
0,121183.40460723639,268.0310151576996,Stage.FINAL_DESTINATION,4
0,31350.623745769262,242.06240057945251,Stage.FINAL_DESTINATION,5
0,-19101.988137453794,229.8924379348755,Stage.FINAL_DESTINATION,7
0,-73217.32182822376,140.9266402721405,Stage.FINAL_DESTINATION,8
0,-23290.683249920607,213.50920796394348,Stage.FINAL_DESTINATION,1
0,-131138.42664821446,88.16931653022766,Stage.FINAL_DESTINATION,9
0,29880.577245146036,185.55374026298523,Stage.FINAL_DESTINATION,4
0,-29870.759778127074,167.78263211250305,Stage.FINAL_DESTINATION,4
0,-40629.29111467302,180.69041514396667,Stage.FINAL_DESTINATION,5
0,-54453.442084893584,166.20972275733948,Stage.FINAL_DESTINATION,4
0,384397.88128656894,431.5606520175934,Stage.FINAL_DESTINATION,1
0,-98797.82516981661,127.6997640132904,Stage.FINAL_DESTINATION,8
0,-62975.529721558094,169.22579264640808,Stage.FINAL_DESTINATION,4
0,30941.827251531184,219.8908200263977,Stage.FINAL_DESTINATION,2
0,235080.91462151706,361.80512738227844,Stage.FINAL_DESTINATION,2
0,27950.52285914868,223.59739589691162,Stage.FINAL_DESTINATION,7
0,4930.940925866365,203.36252975463867,Stage.FINAL_DESTINATION,8
0,-121345.69838189334,123.24529719352722,Stage.FINAL_DESTINATION,5
0,226122.2184336111,361.9117224216461,Stage.FINAL_DESTINATION,3
0,16967.44155627489,243.81826758384705,Stage.FINAL_DESTINATION,5
0,-93878.42067065835,108.0564591884613,Stage.FINAL_DESTINATION,8
1,15177.549386709929,286.4004776477814,Stage.FINAL_DESTINATION,3
0,3075.280122384429,145.0639774799347,Stage.FINAL_DESTINATION,8
0,-54128.41118475795,141.28760838508606,Stage.FINAL_DESTINATION,9
0,164031.53998861462,308.42986130714417,Stage.FINAL_DESTINATION,1
0,243728.618993558,370.8344283103943,Stage.FINAL_DESTINATION,3
0,-10737.25306495279,158.98737215995789,Stage.FINAL_DESTINATION,5
0,211919.54840249568,355.88682103157043,Stage.FINAL_DESTINATION,1
0,-4324.758694082499,222.48863101005554,Stage.FINAL_DESTINATION,6
1,295479.2744436264,331.4545679092407,Stage.FINAL_DESTINATION,4
0,-98109.71521681547,197.9415454864502,Stage.FINAL_DESTINATION,6
0,-68178.10203404725,165.47433853149414,Stage.FINAL_DESTINATION,8
0,-7727.428633615375,200.5312581062317,Stage.FINAL_DESTINATION,5
0,-842.2969279885292,242.09855890274048,Stage.FINAL_DESTINATION,9
0,91971.53834887594,234.04638481140137,Stage.FINAL_DESTINATION,7
1,308996.1768100783,289.3755576610565,Stage.FINAL_DESTINATION,1
0,16745.952983655035,226.89395403862,Stage.FINAL_DESTINATION,9
0,124636.54953463003,260.43877053260803,Stage.FINAL_DESTINATION,9
0,12461.574565272778,228.99600505828857,Stage.FINAL_DESTINATION,5
0,104563.66116628051,220.44706058502197,Stage.FINAL_DESTINATION,9
0,28668.831999093294,183.0567331314087,Stage.FINAL_DESTINATION,9
0,13872.55073197186,153.65852689743042,Stage.FINAL_DESTINATION,9
1,323464.91438277066,333.68458461761475,Stage.FINAL_DESTINATION,3
1,326727.30590968207,417.0483286380768,Stage.FINAL_DESTINATION,3
0,30809.53687348962,210.75000500679016,Stage.FINAL_DESTINATION,7
0,-68904.95220181346,191.0457956790924,Stage.FINAL_DESTINATION,9
0,77260.04516473413,246.76226925849915,Stage.FINAL_DESTINATION,7
1,387011.3038989976,360.5432994365692,Stage.FINAL_DESTINATION,1
0,60146.53379523754,258.54568457603455,Stage.FINAL_DESTINATION,5
0,97501.20245262235,224.91088223457336,Stage.FINAL_DESTINATION,6
1,219905.9283960536,317.54478335380554,Stage.FINAL_DESTINATION,4
0,103926.16553503275,237.4381227493286,Stage.FINAL_DESTINATION,6
0,-40076.10282418132,164.1687331199646,Stage.FINAL_DESTINATION,6
0,106524.33392305672,252.9798481464386,Stage.FINAL_DESTINATION,7
0,1455.0005230009556,161.83521509170532,Stage.FINAL_DESTINATION,8
1,310626.04227835685,307.2405960559845,Stage.FINAL_DESTINATION,1
0,-29554.0724902004,167.21939277648926,Stage.FINAL_DESTINATION,7
0,-75141.34779900312,149.22532629966736,Stage.FINAL_DESTINATION,8
0,-36159.042071178555,140.13866567611694,Stage.FINAL_DESTINATION,8
1,279223.6000019759,314.5864579677582,Stage.FINAL_DESTINATION,3
0,54719.33380717039,261.2234613895416,Stage.FINAL_DESTINATION,3
0,-112290.20709639974,142.70341444015503,Stage.FINAL_DESTINATION,9
1,472842.0482238978,304.5564296245575,Stage.FINAL_DESTINATION,1
0,38796.0935947001,249.1552402973175,Stage.FINAL_DESTINATION,8
1,264852.46207988635,345.94420051574707,Stage.FINAL_DESTINATION,1
1,319853.1505316496,317.0983850955963,Stage.FINAL_DESTINATION,2
1,392874.4198641479,458.22417092323303,Stage.FINAL_DESTINATION,1
1,336865.0509965345,410.2836449146271,Stage.FINAL_DESTINATION,3
0,-69286.42273077369,146.9203872680664,Stage.FINAL_DESTINATION,5
0,63485.52814551443,260.6340563297272,Stage.FINAL_DESTINATION,8
0,-20703.309513747692,186.09506964683533,Stage.FINAL_DESTINATION,9
0,-68487.14075750858,165.5885591506958,Stage.FINAL_DESTINATION,8
1,355212.14424194396,337.9418058395386,Stage.FINAL_DESTINATION,1
0,-111754.38513462245,101.8248245716095,Stage.FINAL_DESTINATION,8
1,346124.11622156575,315.4574911594391,Stage.FINAL_DESTINATION,2
1,403267.12729620934,430.6076428890228,Stage.FINAL_DESTINATION,3
0,43203.840390693396,226.5167636871338,Stage.FINAL_DESTINATION,1
1,282266.2979889363,321.79896903038025,Stage.FINAL_DESTINATION,1
0,35766.853179723024,193.0108962059021,Stage.FINAL_DESTINATION,1
0,63746.05138198286,256.53681468963623,Stage.FINAL_DESTINATION,2
0,-146977.07477163523,98.68050241470337,Stage.FINAL_DESTINATION,6
0,94469.29914797843,272.4440128803253,Stage.FINAL_DESTINATION,3
0,23486.015111878514,209.56768679618835,Stage.FINAL_DESTINATION,9
1,484444.0939285457,478.5969066619873,Stage.FINAL_DESTINATION,3
0,-150757.64337036014,244.5273756980896,Stage.FINAL_DESTINATION,5
0,-74877.30719982088,124.85067343711853,Stage.FINAL_DESTINATION,5
0,-100973.86698916554,195.82208585739136,Stage.FINAL_DESTINATION,8
0,265401.7830711454,358.3217260837555,Stage.FINAL_DESTINATION,4
0,57287.62003570795,276.7257602214813,Stage.FINAL_DESTINATION,5
0,131823.5089608729,256.6050944328308,Stage.FINAL_DESTINATION,7
1,263049.18871749565,358.7973208427429,Stage.FINAL_DESTINATION,2
0,54247.208629474044,228.3955738544464,Stage.FINAL_DESTINATION,6
0,87381.41278719902,242.86199474334717,Stage.FINAL_DESTINATION,1
0,-1659.9005904644728,151.0201597213745,Stage.FINAL_DESTINATION,1
0,-12081.098455481231,167.62210607528687,Stage.FINAL_DESTINATION,8
0,-59839.84935247153,165.86897993087769,Stage.FINAL_DESTINATION,7
0,-36853.2178183198,167.96470093727112,Stage.FINAL_DESTINATION,9
0,32859.61425079778,177.3306164741516,Stage.FINAL_DESTINATION,6
0,-73792.91503400356,119.4678544998169,Stage.FINAL_DESTINATION,3
0,-5727.844566456974,191.83724403381348,Stage.FINAL_DESTINATION,6
0,-67527.78808420897,126.54391241073608,Stage.FINAL_DESTINATION,4
0,63675.60565190017,255.50601172447205,Stage.FINAL_DESTINATION,6
1,408678.7122358084,399.5015685558319,Stage.FINAL_DESTINATION,2
1,333018.87687562406,329.26057481765747,Stage.FINAL_DESTINATION,2
0,241688.88660831004,349.42782711982727,Stage.FINAL_DESTINATION,4
0,8426.105933278799,209.4603054523468,Stage.FINAL_DESTINATION,5
1,438456.661346741,326.2396330833435,Stage.FINAL_DESTINATION,2
0,35997.08393089846,231.70317268371582,Stage.FINAL_DESTINATION,7
0,47473.55862224847,225.6188793182373,Stage.FINAL_DESTINATION,6
0,269697.2605255991,311.0247473716736,Stage.FINAL_DESTINATION,6
1,670770.1779274419,486.61740732192993,Stage.FINAL_DESTINATION,1
1,348894.0395421535,327.39551281929016,Stage.FINAL_DESTINATION,2
0,93061.76673740894,260.9560651779175,Stage.FINAL_DESTINATION,4
0,-54773.68428438902,175.14699125289917,Stage.FINAL_DESTINATION,5
0,-48867.73323187232,183.99285197257996,Stage.FINAL_DESTINATION,4
0,36335.13987966627,232.95707249641418,Stage.FINAL_DESTINATION,7
1,335604.8335956335,324.12713074684143,Stage.FINAL_DESTINATION,1
0,22094.885827157646,196.5891876220703,Stage.FINAL_DESTINATION,7
0,130453.2470105812,369.80155658721924,Stage.FINAL_DESTINATION,7
0,-24668.928771413863,185.80175352096558,Stage.FINAL_DESTINATION,8
0,113493.75863169134,246.2047324180603,Stage.FINAL_DESTINATION,5
0,48974.286042675376,224.99188709259033,Stage.FINAL_DESTINATION,6
0,123660.01297097653,298.0720269680023,Stage.FINAL_DESTINATION,6
0,34795.77488595247,199.26481676101685,Stage.FINAL_DESTINATION,5
0,27697.74633204192,218.265615940094,Stage.FINAL_DESTINATION,8
0,-56966.32499495894,142.76626062393188,Stage.FINAL_DESTINATION,3
0,98158.84623824805,217.30261278152466,Stage.FINAL_DESTINATION,9
0,111705.8918164596,283.7770884037018,Stage.FINAL_DESTINATION,7
0,-72243.5766647309,190.739976644516,Stage.FINAL_DESTINATION,8
0,726.1527404859662,151.33794236183167,Stage.FINAL_DESTINATION,8
0,76053.03682436049,196.4747302532196,Stage.FINAL_DESTINATION,9
0,-103392.47820615768,126.95506167411804,Stage.FINAL_DESTINATION,9
0,-38339.06394918263,151.6010618209839,Stage.FINAL_DESTINATION,9
0,69980.2529425323,236.0838701725006,Stage.FINAL_DESTINATION,4
0,5954.647076010704,204.03984785079956,Stage.FINAL_DESTINATION,9
0,100461.39892688394,258.9331386089325,Stage.FINAL_DESTINATION,5
0,-38180.033325493336,193.36355876922607,Stage.FINAL_DESTINATION,9
1,296829.0923986584,341.42852687835693,Stage.FINAL_DESTINATION,3
0,24481.895236104727,224.13097953796387,Stage.FINAL_DESTINATION,6
1,225494.45783396065,302.4859480857849,Stage.FINAL_DESTINATION,3
0,260496.14020182192,328.645711183548,Stage.FINAL_DESTINATION,4
0,230698.98017486185,355.8946805000305,Stage.FINAL_DESTINATION,6
0,-16778.952724725008,221.8473424911499,Stage.FINAL_DESTINATION,8
0,97855.14346274361,297.26011657714844,Stage.FINAL_DESTINATION,4
1,368736.6984306723,304.47139859199524,Stage.FINAL_DESTINATION,1
0,259262.76412401348,355.1034405231476,Stage.FINAL_DESTINATION,3
1,285438.27599050105,370.3090093135834,Stage.FINAL_DESTINATION,2
1,290659.0867766291,331.37428402900696,Stage.FINAL_DESTINATION,1
0,36004.12117355317,234.83233761787415,Stage.FINAL_DESTINATION,7
0,-77013.13782401383,189.1355586051941,Stage.FINAL_DESTINATION,5
1,379631.06757235527,402.9765546321869,Stage.FINAL_DESTINATION,3
0,140440.08904915303,228.8254370689392,Stage.FINAL_DESTINATION,6
0,-58850.56371501088,148.3160798549652,Stage.FINAL_DESTINATION,7
0,116731.77106818557,236.80023622512817,Stage.FINAL_DESTINATION,9
0,224922.40467317402,319.9448091983795,Stage.FINAL_DESTINATION,5
0,4531.403268828988,229.67549562454224,Stage.FINAL_DESTINATION,7
1,90888.95047824085,246.18365597724915,Stage.FINAL_DESTINATION,3
0,-18550.183419555426,180.38877725601196,Stage.FINAL_DESTINATION,1
0,279170.6274365857,321.6657567024231,Stage.FINAL_DESTINATION,5
0,202772.71908780932,303.9128370285034,Stage.FINAL_DESTINATION,1
0,24681.39458051324,194.5951201915741,Stage.FINAL_DESTINATION,5
1,314438.0830270499,325.89613699913025,Stage.FINAL_DESTINATION,1
1,270739.0134448409,305.60259199142456,Stage.FINAL_DESTINATION,1
0,158667.6162942052,314.50237703323364,Stage.FINAL_DESTINATION,5
1,397606.2639684975,353.0920238494873,Stage.FINAL_DESTINATION,2
0,317960.05985203385,463.76973605155945,Stage.FINAL_DESTINATION,2
1,264552.27513088286,350.39862990379333,Stage.FINAL_DESTINATION,3
0,-75438.44595594145,209.00951623916626,Stage.FINAL_DESTINATION,5
1,440621.47606164217,371.48054122924805,Stage.FINAL_DESTINATION,3
1,321688.3992623128,326.4171679019928,Stage.FINAL_DESTINATION,3
0,138169.34267435223,291.777104139328,Stage.FINAL_DESTINATION,5
1,225185.71911796182,317.2666139602661,Stage.FINAL_DESTINATION,3
0,35421.777684003115,193.95903611183167,Stage.FINAL_DESTINATION,7
0,-73889.41763488576,182.74518585205078,Stage.FINAL_DESTINATION,6
0,65542.4890171364,225.17214822769165,Stage.FINAL_DESTINATION,5
0,115056.99736460298,288.31872606277466,Stage.FINAL_DESTINATION,5
0,284877.5366888046,445.98576378822327,Stage.FINAL_DESTINATION,3
0,55139.31658727676,274.4068684577942,Stage.FINAL_DESTINATION,5
0,52193.722127918154,278.14031887054443,Stage.FINAL_DESTINATION,5
0,-91771.26019918919,145.678076505661,Stage.FINAL_DESTINATION,7
0,-30810.380545258522,168.78728675842285,Stage.FINAL_DESTINATION,5
0,-44338.816870599985,177.45260787010193,Stage.FINAL_DESTINATION,9
0,62446.8059682101,378.0454707145691,Stage.FINAL_DESTINATION,4
1,351586.9048189558,345.8284990787506,Stage.FINAL_DESTINATION,3
0,-19474.872224651277,185.71959686279297,Stage.FINAL_DESTINATION,9
1,213822.57867509127,267.6281759738922,Stage.FINAL_DESTINATION,2
1,459365.8393994048,408.36339712142944,Stage.FINAL_DESTINATION,2
1,344957.9053475112,403.2528247833252,Stage.FINAL_DESTINATION,1
0,87086.18659092486,257.5118808746338,Stage.FINAL_DESTINATION,5
0,252644.0323832929,346.7907497882843,Stage.FINAL_DESTINATION,7
1,349684.9285450503,376.1452090740204,Stage.FINAL_DESTINATION,3
0,-117404.47119250894,127.47211217880249,Stage.FINAL_DESTINATION,8
