0,-230797.50292222845,60.88810610771179,Stage.FINAL_DESTINATION,8
0,-225229.1844349875,90.0265281200409,Stage.FINAL_DESTINATION,9
0,-216196.98319683393,255.2607204914093,Stage.FINAL_DESTINATION,2
0,-218472.57945954957,69.16438889503479,Stage.FINAL_DESTINATION,6
0,-233765.21500570542,69.7769079208374,Stage.FINAL_DESTINATION,9
0,-238869.64262481825,182.2057204246521,Stage.FINAL_DESTINATION,3
0,-237044.0081090031,83.47713732719421,Stage.FINAL_DESTINATION,4
0,-217997.07096628315,107.26411294937134,Stage.FINAL_DESTINATION,6
0,-217786.04502808794,127.28154253959656,Stage.FINAL_DESTINATION,2
0,-216526.95974031757,95.33216595649719,Stage.FINAL_DESTINATION,1
0,-235508.95903668838,60.5177583694458,Stage.FINAL_DESTINATION,5
0,-252294.77036426446,57.840625286102295,Stage.FINAL_DESTINATION,5
0,-268600.45830368233,106.94377255439758,Stage.FINAL_DESTINATION,5
0,-276198.50110062514,87.89029836654663,Stage.FINAL_DESTINATION,7
0,-221818.37935314275,59.3467230796814,Stage.FINAL_DESTINATION,5
0,-257412.85370040263,137.94696712493896,Stage.FINAL_DESTINATION,9
0,-262189.77995085967,110.55427861213684,Stage.FINAL_DESTINATION,8
0,-240395.0577579007,193.07426047325134,Stage.FINAL_DESTINATION,3
0,-296664.4560172193,139.09142875671387,Stage.FINAL_DESTINATION,3
0,-214975.40521953933,126.92272973060608,Stage.FINAL_DESTINATION,8
0,-236046.08654143935,160.96166133880615,Stage.FINAL_DESTINATION,2
0,-235819.96032911804,119.01560401916504,Stage.FINAL_DESTINATION,6
0,-233344.8122212406,96.48229146003723,Stage.FINAL_DESTINATION,8
0,-227954.42092799846,89.84224581718445,Stage.FINAL_DESTINATION,1
0,-250013.49773254304,84.95555877685547,Stage.FINAL_DESTINATION,7
0,-250152.17542227267,171.66925358772278,Stage.FINAL_DESTINATION,5
0,-242735.81776900677,92.40875697135925,Stage.FINAL_DESTINATION,6
0,-246582.4221012636,67.41722655296326,Stage.FINAL_DESTINATION,9
0,-247289.31701813458,138.84386658668518,Stage.FINAL_DESTINATION,4
0,-220223.54726740453,54.69754076004028,Stage.FINAL_DESTINATION,5
0,-236195.1250879203,79.93133091926575,Stage.FINAL_DESTINATION,4
0,-238539.74015622333,94.2669620513916,Stage.FINAL_DESTINATION,6
0,-265398.08540559164,86.67500281333923,Stage.FINAL_DESTINATION,5
0,-237813.8439417573,106.88675141334534,Stage.FINAL_DESTINATION,7
0,-275025.26014691446,123.50502896308899,Stage.FINAL_DESTINATION,9
0,-238429.44982970634,119.19071984291077,Stage.FINAL_DESTINATION,6
0,-216457.05362195952,160.78282117843628,Stage.FINAL_DESTINATION,2
0,-211522.41426342685,66.0174036026001,Stage.FINAL_DESTINATION,8
0,-238525.94918678317,93.87304472923279,Stage.FINAL_DESTINATION,8
0,-247187.97928704676,117.56445479393005,Stage.FINAL_DESTINATION,9
0,-266010.0682967736,125.94907474517822,Stage.FINAL_DESTINATION,6
0,-246158.10862100217,201.76603364944458,Stage.FINAL_DESTINATION,3
0,-257437.72594443665,251.00644278526306,Stage.FINAL_DESTINATION,2
0,-255852.33072035757,82.44521236419678,Stage.FINAL_DESTINATION,9
0,-284230.15489522094,93.10804915428162,Stage.FINAL_DESTINATION,1
0,-237998.97977969452,71.94998383522034,Stage.FINAL_DESTINATION,5
0,-281337.3034694098,64.87943172454834,Stage.FINAL_DESTINATION,4
0,-239607.55690254623,103.69804334640503,Stage.FINAL_DESTINATION,1
0,-248221.29439030442,141.05279564857483,Stage.FINAL_DESTINATION,4
0,-225352.2096928016,190.364586353302,Stage.FINAL_DESTINATION,3
0,-235785.89986359078,104.52671432495117,Stage.FINAL_DESTINATION,4
0,-257121.05244434034,98.45071268081665,Stage.FINAL_DESTINATION,9
0,-225875.51312205236,116.14615869522095,Stage.FINAL_DESTINATION,6
0,-235851.68089683118,94.67408537864685,Stage.FINAL_DESTINATION,6
0,-218090.04719769576,142.13672733306885,Stage.FINAL_DESTINATION,2
0,-248352.96102007685,230.80635404586792,Stage.FINAL_DESTINATION,3
0,-232019.0410165089,112.08946537971497,Stage.FINAL_DESTINATION,6
0,-239296.05888194175,214.14610123634338,Stage.FINAL_DESTINATION,1
0,-234987.9311984388,109.33677554130554,Stage.FINAL_DESTINATION,8
0,-225719.3178120273,77.61451005935669,Stage.FINAL_DESTINATION,6
0,-235329.57100262697,114.83219599723816,Stage.FINAL_DESTINATION,1
0,-223189.1046799362,72.38532400131226,Stage.FINAL_DESTINATION,9
0,-226082.736177262,58.47884941101074,Stage.FINAL_DESTINATION,3
0,-234931.51323755228,59.4716739654541,Stage.FINAL_DESTINATION,6
0,-223831.16751153936,62.01266527175903,Stage.FINAL_DESTINATION,1
0,-232718.5294157366,135.67623162269592,Stage.FINAL_DESTINATION,9
0,-218860.64542769804,70.04047179222107,Stage.FINAL_DESTINATION,5
0,-222766.41837000917,96.97620701789856,Stage.FINAL_DESTINATION,2
0,-226346.90598173265,91.43729996681213,Stage.FINAL_DESTINATION,2
0,-257607.85983562356,97.85800528526306,Stage.FINAL_DESTINATION,9
0,-247475.44174894126,120.05771851539612,Stage.FINAL_DESTINATION,9
0,-263417.218032443,144.0177960395813,Stage.FINAL_DESTINATION,5
0,-224666.87790461583,70.5930917263031,Stage.FINAL_DESTINATION,2
0,-217814.71246096323,117.55143094062805,Stage.FINAL_DESTINATION,2
0,-219231.37614787635,272.60671401023865,Stage.FINAL_DESTINATION,1
0,-295297.585870189,171.62911796569824,Stage.FINAL_DESTINATION,5
0,-229263.25958154362,150.34524488449097,Stage.FINAL_DESTINATION,3
0,-215101.21755107297,103.55077600479126,Stage.FINAL_DESTINATION,4
0,-213535.19711498864,58.50564742088318,Stage.FINAL_DESTINATION,7
0,-218202.76442597643,77.26026749610901,Stage.FINAL_DESTINATION,5
0,-228409.4936982963,106.40231037139893,Stage.FINAL_DESTINATION,7
0,-221565.3363963011,227.13076305389404,Stage.FINAL_DESTINATION,2
0,-228773.28360341585,184.6671917438507,Stage.FINAL_DESTINATION,3
0,-225489.27953527667,104.75512290000916,Stage.FINAL_DESTINATION,9
0,-264646.70669159427,118.69145250320435,Stage.FINAL_DESTINATION,6
0,-241372.16229198442,127.10790276527405,Stage.FINAL_DESTINATION,8
0,-224330.89714904493,163.40379905700684,Stage.FINAL_DESTINATION,3
0,-220852.48618377763,94.81607389450073,Stage.FINAL_DESTINATION,6
0,-234201.5860711259,319.06310272216797,Stage.FINAL_DESTINATION,2
0,-220659.2886655921,49.528984785079956,Stage.FINAL_DESTINATION,6
1,-62437.61461229056,196.18478536605835,Stage.FINAL_DESTINATION,1
0,-218470.81902782546,205.5548300743103,Stage.FINAL_DESTINATION,1
0,-255364.9024008589,151.8883581161499,Stage.FINAL_DESTINATION,3
0,-249681.4967797319,92.25285005569458,Stage.FINAL_DESTINATION,6
0,-218952.70335134875,105.47523903846741,Stage.FINAL_DESTINATION,9
0,-267777.61743976054,148.22245526313782,Stage.FINAL_DESTINATION,8
0,-223099.91635451087,88.60133004188538,Stage.FINAL_DESTINATION,4
0,-225780.65545997908,98.33806896209717,Stage.FINAL_DESTINATION,2
0,-220309.13743515912,77.76634097099304,Stage.FINAL_DESTINATION,8
0,-228434.35332644847,106.28983211517334,Stage.FINAL_DESTINATION,8
0,-212912.2356182902,112.49470806121826,Stage.FINAL_DESTINATION,9
0,-223937.63434462313,78.89037108421326,Stage.FINAL_DESTINATION,2
0,-253105.07261090982,92.2939784526825,Stage.FINAL_DESTINATION,8
0,-228293.43420146868,133.283789396286,Stage.FINAL_DESTINATION,8
0,-248826.06958987963,148.88092494010925,Stage.FINAL_DESTINATION,3
0,-228861.42730833052,154.00752353668213,Stage.FINAL_DESTINATION,2
0,-245798.75713618903,118.46780705451965,Stage.FINAL_DESTINATION,3
0,-235484.4284886399,130.87265539169312,Stage.FINAL_DESTINATION,8
0,-226379.34515220177,92.89622473716736,Stage.FINAL_DESTINATION,5
0,-217742.21578570525,74.0383369922638,Stage.FINAL_DESTINATION,8
0,-237642.82911430273,54.51044821739197,Stage.FINAL_DESTINATION,9
0,-239629.72687644642,138.51473021507263,Stage.FINAL_DESTINATION,1
0,-249341.56517243778,109.00988793373108,Stage.FINAL_DESTINATION,1
0,-237020.9843909224,122.03785061836243,Stage.FINAL_DESTINATION,3
0,-320184.4757569341,194.22678017616272,Stage.FINAL_DESTINATION,3
0,-250251.79129370727,101.19594621658325,Stage.FINAL_DESTINATION,9
0,-238875.71290806762,382.3731415271759,Stage.FINAL_DESTINATION,3
0,-232319.85551142125,117.21250820159912,Stage.FINAL_DESTINATION,4
0,-216736.60440822758,123.74538254737854,Stage.FINAL_DESTINATION,2
0,-257246.40619112924,78.79661083221436,Stage.FINAL_DESTINATION,7
0,-222413.55442156628,135.34924459457397,Stage.FINAL_DESTINATION,1
0,-280133.56919862307,73.22433304786682,Stage.FINAL_DESTINATION,6
0,-275246.9808728997,168.00630116462708,Stage.FINAL_DESTINATION,5
0,-233150.62520353787,76.05420136451721,Stage.FINAL_DESTINATION,5
0,-223842.10447243814,121.31625604629517,Stage.FINAL_DESTINATION,3
0,-288011.60576229764,61.42004680633545,Stage.FINAL_DESTINATION,5
0,-290573.0467780563,155.15637922286987,Stage.FINAL_DESTINATION,1
0,-260966.39298280084,244.3451247215271,Stage.FINAL_DESTINATION,8
0,-239329.42569086037,123.57265019416809,Stage.FINAL_DESTINATION,8
0,-232643.42035806,181.93960070610046,Stage.FINAL_DESTINATION,3
0,-232911.2419078264,83.65164041519165,Stage.FINAL_DESTINATION,4
0,-293272.74539949425,73.2094395160675,Stage.FINAL_DESTINATION,9
0,-233309.91487429035,90.34611296653748,Stage.FINAL_DESTINATION,6
0,-225899.13094469247,124.2079062461853,Stage.FINAL_DESTINATION,5
0,-218259.07658325456,168.81463193893433,Stage.FINAL_DESTINATION,5
0,-235865.78172041365,89.09863829612732,Stage.FINAL_DESTINATION,4
0,-271086.44311887457,166.55608081817627,Stage.FINAL_DESTINATION,1
0,-221805.16715316995,71.40358138084412,Stage.FINAL_DESTINATION,5
0,-257515.0643815789,111.81612753868103,Stage.FINAL_DESTINATION,8
0,-233693.510189976,178.28732776641846,Stage.FINAL_DESTINATION,3
0,-212598.49443541985,145.7640779018402,Stage.FINAL_DESTINATION,6
0,-222911.14689741223,96.2942762374878,Stage.FINAL_DESTINATION,5
0,-250502.0977757276,105.6175799369812,Stage.FINAL_DESTINATION,9
0,-216073.6432703986,194.74164199829102,Stage.FINAL_DESTINATION,1
0,-267209.7070427843,98.70951175689697,Stage.FINAL_DESTINATION,6
0,-268821.3828255322,98.31191277503967,Stage.FINAL_DESTINATION,5
0,-265972.3277697934,118.199960231781,Stage.FINAL_DESTINATION,9
0,-267274.30680888996,177.79912638664246,Stage.FINAL_DESTINATION,6
0,-281045.40763901314,122.25514483451843,Stage.FINAL_DESTINATION,8
0,-258301.86983605238,206.76705074310303,Stage.FINAL_DESTINATION,2
0,-297814.8615805505,76.62347936630249,Stage.FINAL_DESTINATION,7
0,-245745.46461376228,148.02636861801147,Stage.FINAL_DESTINATION,6
0,-217848.21022024355,105.91216468811035,Stage.FINAL_DESTINATION,4
0,-253508.75796596752,125.43947339057922,Stage.FINAL_DESTINATION,5
0,-266484.56887843186,155.4546411037445,Stage.FINAL_DESTINATION,3
0,-261711.73921851988,94.94097232818604,Stage.FINAL_DESTINATION,5
0,-236429.08780700248,87.05882120132446,Stage.FINAL_DESTINATION,8
0,-233867.18289919908,143.65251302719116,Stage.FINAL_DESTINATION,2
0,-224285.82407536183,114.92366886138916,Stage.FINAL_DESTINATION,4
0,-257959.6496063572,242.78839635849,Stage.FINAL_DESTINATION,3
0,-288614.4820970385,86.9827651977539,Stage.FINAL_DESTINATION,7
0,-263811.3658132722,66.94420385360718,Stage.FINAL_DESTINATION,5
0,-237347.2737186573,165.39529705047607,Stage.FINAL_DESTINATION,7
0,-242881.94906869848,185.5806200504303,Stage.FINAL_DESTINATION,4
0,-302514.74644789664,179.39993572235107,Stage.FINAL_DESTINATION,3
0,-245461.185966055,108.26493692398071,Stage.FINAL_DESTINATION,9
0,-220382.96260454456,163.4917459487915,Stage.FINAL_DESTINATION,8
0,-237136.30473599708,132.02282071113586,Stage.FINAL_DESTINATION,2
0,-270364.4404153362,112.38103175163269,Stage.FINAL_DESTINATION,4
0,-223806.91997158836,70.9435203075409,Stage.FINAL_DESTINATION,6
0,-230341.57703743168,81.76007771492004,Stage.FINAL_DESTINATION,7
0,-226285.78235800352,104.81249380111694,Stage.FINAL_DESTINATION,6
0,-229617.0673866429,116.01034760475159,Stage.FINAL_DESTINATION,6
0,-230210.46772865148,83.43792700767517,Stage.FINAL_DESTINATION,7
0,-228589.33338412034,238.82762670516968,Stage.FINAL_DESTINATION,3
0,-223136.09963718837,92.19278407096863,Stage.FINAL_DESTINATION,7
0,-243538.30045357434,120.4281439781189,Stage.FINAL_DESTINATION,3
0,-237231.82149542708,128.51464867591858,Stage.FINAL_DESTINATION,2
0,-275850.7698720891,117.30097675323486,Stage.FINAL_DESTINATION,7
0,-249315.72989589785,137.89721393585205,Stage.FINAL_DESTINATION,2
0,-249056.01835759007,94.73513984680176,Stage.FINAL_DESTINATION,4
0,-260679.1634315311,117.30979251861572,Stage.FINAL_DESTINATION,5
0,-288661.7174674443,86.28720283508301,Stage.FINAL_DESTINATION,6
0,-222803.0484923533,99.23102807998657,Stage.FINAL_DESTINATION,6
0,-274545.19677116745,70.70024704933167,Stage.FINAL_DESTINATION,3
0,-272939.97366385825,132.52422833442688,Stage.FINAL_DESTINATION,8
0,-271980.8221719791,105.82311868667603,Stage.FINAL_DESTINATION,4
0,-289748.7573327536,218.5194718837738,Stage.FINAL_DESTINATION,5
0,-240926.11617030407,112.93223118782043,Stage.FINAL_DESTINATION,8
0,-235682.55325140595,96.96010375022888,Stage.FINAL_DESTINATION,7
0,-215133.6933298688,92.63721466064453,Stage.FINAL_DESTINATION,8
0,-169562.27388788373,136.4845244884491,Stage.FINAL_DESTINATION,5
0,-237793.95380679079,173.72468614578247,Stage.FINAL_DESTINATION,1
0,-274979.46898035787,65.88079476356506,Stage.FINAL_DESTINATION,8
0,-224257.7705447649,85.63891863822937,Stage.FINAL_DESTINATION,4
0,-240998.43129875575,167.44546699523926,Stage.FINAL_DESTINATION,3
0,-258463.2179048308,235.7526421546936,Stage.FINAL_DESTINATION,1
0,-235576.61207234996,112.1812572479248,Stage.FINAL_DESTINATION,5
0,-222337.61406335913,85.23186445236206,Stage.FINAL_DESTINATION,7
0,-269330.68768602074,91.11793398857117,Stage.FINAL_DESTINATION,9
0,-311673.1716346646,119.31821727752686,Stage.FINAL_DESTINATION,3
0,-262379.6307864395,88.65774869918823,Stage.FINAL_DESTINATION,4
0,-253950.12559945582,127.44977641105652,Stage.FINAL_DESTINATION,9
0,-245788.88462878406,168.60002827644348,Stage.FINAL_DESTINATION,1
0,-298192.32369115594,124.6969633102417,Stage.FINAL_DESTINATION,1
0,-237324.08195762278,154.0852427482605,Stage.FINAL_DESTINATION,8
0,-258571.75713202317,112.51824116706848,Stage.FINAL_DESTINATION,4
0,-251428.373231442,109.96431231498718,Stage.FINAL_DESTINATION,6
0,-213668.47199191537,61.85664701461792,Stage.FINAL_DESTINATION,8
0,-269889.5096166371,143.64169788360596,Stage.FINAL_DESTINATION,9
0,-224345.15956726598,70.98109865188599,Stage.FINAL_DESTINATION,9
0,-223935.06970936037,112.6332778930664,Stage.FINAL_DESTINATION,7
0,-241915.94736689888,99.83773684501648,Stage.FINAL_DESTINATION,9
0,-218982.69350123045,181.88807034492493,Stage.FINAL_DESTINATION,4
0,-229319.68209560876,88.00463819503784,Stage.FINAL_DESTINATION,1
0,-255282.68705639325,224.6638011932373,Stage.FINAL_DESTINATION,3
0,-221134.69637957247,245.51256585121155,Stage.FINAL_DESTINATION,3
0,-247463.0774007605,106.02643585205078,Stage.FINAL_DESTINATION,8
0,-215498.02263271567,161.82537508010864,Stage.FINAL_DESTINATION,4
0,-221267.86218999734,84.24254822731018,Stage.FINAL_DESTINATION,5
0,-239918.38232866695,72.23788118362427,Stage.FINAL_DESTINATION,8
0,-222193.22366426807,95.08548474311829,Stage.FINAL_DESTINATION,8
0,-292765.9707380227,233.76784372329712,Stage.FINAL_DESTINATION,4
0,-216297.5544911506,113.2059154510498,Stage.FINAL_DESTINATION,5
0,-238268.347610769,166.33993268013,Stage.FINAL_DESTINATION,3
0,-247475.89105750946,127.55069279670715,Stage.FINAL_DESTINATION,2
0,-239884.2270401661,98.93590760231018,Stage.FINAL_DESTINATION,7
0,-218130.21071414786,116.11726665496826,Stage.FINAL_DESTINATION,3
0,-247555.68540426306,173.72181248664856,Stage.FINAL_DESTINATION,5
0,-272227.79150378995,139.94362378120422,Stage.FINAL_DESTINATION,4
0,-246190.9974773439,89.36628770828247,Stage.FINAL_DESTINATION,3
0,-298814.11549509346,103.61552143096924,Stage.FINAL_DESTINATION,8
